-- Auto-generated by prep-gas on: 13-Oct-2023 10:19:13

model = 'IdealGas'
IdealGas = {
   speciesName = 'Ar',
   mMass = 0.03994800,
   gamma = 1.66666667,
   entropyRefValues = {
      s1 = 0.00000000e+00,
      T1 = 298.15000000,
      p1 = 1.01325000e+05,
   },
   viscosity = {
      model = 'CEA',
      nsegments = 3,
      segment0 = {
         T_lower = 200.0,
         T_upper = 1000.0,
         A =  6.1205763e-01,
         B = -6.7714354e+01,
         C =  1.9040660e+02,
         D =  2.1588272e+00,
      },
      segment1 = {
         T_lower = 1000.0,
         T_upper = 5000.0,
         A =  6.9357334e-01,
         B =  7.0953943e+01,
         C = -2.8386007e+04,
         D =  1.4856447e+00,
      },
      segment2 = {
         T_lower = 5000.0,
         T_upper = 15000.0,
         A =  7.6608935e-01,
         B =  6.7867215e+02,
         C = -8.4991417e+05,
         D =  7.7935167e-01,
      },
   },
   thermCondModel = {
      model = 'CEA',
      nsegments = 3,
      segment0 = {
         T_lower = 200.0,
         T_upper = 1000.0,
         A =  6.0968928e-01,
         B = -7.0892249e+01,
         C =  5.8420624e+02,
         D =  1.9337152e+00,
      },
      segment1 = {
         T_lower = 1000.0,
         T_upper = 5000.0,
         A =  6.9075463e-01,
         B =  6.2676058e+01,
         C = -2.5667413e+04,
         D =  1.2664189e+00,
      },
      segment2 = {
         T_lower = 5000.0,
         T_upper = 15000.0,
         A =  7.6269502e-01,
         B =  6.2341752e+02,
         C = -7.1899552e+05,
         D =  5.6927918e-01,
      },
   }
}
